bike 3
1 -1 6
1 0 6
1 1 30
1 0 6
1 -1 6
1 0 6
0 -1 6
1 0 6
1 1 18
0 1 6
1 -1 6
0 0 6
0 1 6
1 -1 12
1 0 6
1 1 6
0 -1 6
1 0 6
-1 -1 6
-1 1 6
1 -1 6
1 1 18
1 0 6
1 1 36
1 -1 6
-1 1 6
0 1 12
1 1 6
0 -1 12
0 1 6
0 0 6
1 -1 6
0 -1 6
0 0 6
1 0 6
1 1 6
-1 1 6
1 0 12
1 1 12
1 0 6
0 1 6
0 0 6
0 -1 6
1 -1 6
1 1 6
1 -1 6
1 1 6
-1 1 6
1 -1 6
1 0 6
-1 1 6
0 -1 6
-1 0 6
1 1 6
1 0 6
1 1 30
1 -1 6
-1 1 12
0 -1 6
-1 -1 6
-1 1 6
1 1 6
-1 1 6
0 1 6
0 -1 6
1 -1 6
1 1 12
1 -1 6
1 0 6
1 -1 6
0 1 6
-1 -1 12
1 -1 18
1 1 12
1 -1 6
1 1 24
-1 1 12
-1 -1 6
0 0 6
1 -1 6
1 1 6
-1 1 6
0 1 6
1 -1 12
1 1 24
1 -1 6
1 0 6
1 -1 12
1 0 6
0 0 6
1 -1 6
-1 -1 6
0 -1 6
-1 1 6
1 -1 6
1 0 6
0 -1 6
1 1 6
1 0 6
0 1 6
-1 1 12
0 -1 6
-1 0 6
-1 1 6
1 0 6
1 1 6
-1 1 6
1 1 6
1 0 6
1 -1 6
1 1 12
0 0 6
1 -1 6
-1 0 6
1 0 6
1 1 6
0 0 6
-1 -1 6
1 -1 6
0 0 6
1 -1 12
1 0 6
1 -1 6
1 0 6
1 -1 6
1 0 6
-1 1 6
1 0 6
0 -1 6
1 1 6
1 -1 6
0 0 6
0 1 6
-1 1 6
1 1 6
0 1 6
0 -1 6
-1 1 6
-1 -1 6
1 1 6
-1 1 6
1 1 6
-1 -1 6
0 0 6
1 1 30
1 0 6
1 1 6
1 0 6
1 -1 6
1 0 6
1 -1 6
-1 -1 6
0 -1 6
1 1 6
1 -1 6
1 0 6
-1 0 6
0 0 6
-1 1 6
-1 -1 6
1 -1 6
1 1 6
-1 1 6
1 -1 6
1 0 6
-1 1 6
1 1 12
1 -1 6
0 1 6
0 0 12
0 -1 6
-1 0 6
1 1 6
-1 -1 6
1 0 6
-1 0 6
1 1 6
-1 -1 6
-1 1 6
-1 -1 18
1 -1 18
1 0 6
1 -1 6
1 0 6
0 1 12
-1 1 6
0 1 12
-1 1 12
0 1 6
-1 0 6
1 -1 6
-1 -1 6
0 1 6
1 1 6
0 1 6
-1 -1 6
1 -1 30
1 1 12
1 -1 6
1 0 6
0 1 6
-1 1 6
1 1 6
1 -1 6
-1 1 6
0 0 6
-1 0 6
1 0 6
-1 -1 6
1 0 6
1 -1 6
-1 1 6
1 0 6
-1 1 6
0 1 6
1 -1 6
